fp32 train 160 batch
[(150, 5627.92431640625), (160, 4419.9189453125), (170, 3453.68310546875), (180, 2874.787109375), (190, 2477.939453125), (200, 2188.7373046875), (210, 1955.19140625), (220, 1773.369873046875), (230, 1625.527099609375), (240, 1503.973876953125), (250, 1409.4232177734375), (260, 1339.65380859375), (270, 1279.4444580078125), (280, 1233.4566650390625), (290, 1193.2392578125), (300, 1161.9615478515625), (310, 1140.3555908203125), (320, 1120.513916015625), (330, 1101.4583740234375), (340, 1085.6470947265625), (350, 1071.5179443359375), (360, 1061.58056640625), (370, 1047.523193359375), (380, 1039.2222900390625), (390, 1030.091552734375), (400, 1022.3495483398438), (410, 1018.2139892578125), (420, 1011.6657104492188), (430, 1005.3554077148438), (440, 1001.71728515625), (450, 995.75439453125), (460, 992.6898803710938), (470, 990.3095092773438), (480, 986.447021484375)]

fp32 tf32 train  160 batch
[(150, 2723.21044921875), (160, 2086.208740234375), (170, 1698.9000244140625), (180, 1428.2901611328125), (190, 1241.419677734375), (200, 1107.6719970703125), (210, 1035.595947265625), (220, 986.7313842773438), (230, 940.1399536132812), (240, 909.2037963867188), (250, 886.4661254882812), (260, 869.7233276367188), (270, 853.9263305664062), (280, 840.32763671875), (290, 828.24755859375), (300, 817.6731567382812), (310, 808.2061157226562), (320, 800.3821411132812), (330, 793.5126953125), (340, 787.42822265625), (350, 782.2230834960938), (360, 777.62646484375), (370, 775.2462158203125), (380, 772.5307006835938), (390, 769.8047485351562), (400, 767.6146240234375), (410, 765.5399780273438), (420, 763.2203369140625), (430, 762.5910034179688), (440, 761.4725341796875), (450, 761.3536376953125), (460, 761.2352294921875), (470, 761.237548828125), (480, 761.2009887695312)]

train amp 160 batch
[(150, 1644.447265625), (160, 1226.7147216796875), (170, 988.2631225585938), (180, 810.3031616210938), (190, 698.8951416015625), (200, 612.1083374023438), (210, 546.6690673828125), (220, 495.71533203125), (230, 460.6194152832031), (240, 441.1072082519531), (250, 424.9327087402344), (260, 413.0035705566406), (270, 399.9481506347656), (280, 391.7648620605469), (290, 385.2813720703125), (300, 379.8854064941406), (310, 374.68463134765625), (320, 370.012451171875), (330, 367.15985107421875), (340, 363.7806091308594), (350, 361.0445861816406), (360, 357.85906982421875), (370, 355.4267578125), (380, 353.4144287109375), (390, 356.0498352050781), (400, 351.7187805175781), (410, 349.4860534667969), (420, 348.08514404296875), (430, 347.094482421875), (440, 347.10321044921875), (450, 346.23388671875), (460, 345.7348937988281), (470, 344.7658996582031), (480, 344.5982971191406)]

fp16 half 160 train
[(150, 841.065673828125), (160, 627.2450561523438), (170, 506.9748229980469), (180, 429.22210693359375), (190, 396.4067687988281), (200, 372.2787780761719), (210, 356.85052490234375), (220, 345.0962219238281), (230, 335.5469665527344), (240, 328.6904602050781), (250, 322.74725341796875), (260, 318.77423095703125), (270, 314.2275390625), (280, 310.59808349609375), (290, 308.8807678222656), (300, 304.98187255859375), (310, 303.3982849121094), (320, 301.7081604003906), (330, 300.9814758300781), (340, 301.4091796875), (350, 300.05450439453125), (360, 299.87030029296875), (370, 300.27545166015625), (380, 299.9561462402344), (390, 299.9931335449219), (400, 299.9969482421875), (410, 299.9111022949219), (420, 299.8695068359375), (430, 299.8640441894531), (440, 299.85992431640625), (450, 299.9328918457031), (460, 299.9098815917969), (470, 299.8984680175781), (480, 299.872314453125)]


fp32 inference  batch 2048
[(150, 24294.626953125), (160, 19759.359375), (170, 15301.55078125), (180, 12662.73828125), (190, 10866.927734375), (200, 9782.31640625), (210, 8801.2275390625), (220, 7915.884765625), (230, 7277.951171875), (240, 6711.7294921875), (250, 6250.84423828125), (260, 5821.5322265625), (270, 5501.57470703125), (280, 5205.8935546875), (290, 5023.140625), (300, 4894.634765625), (310, 4798.1376953125), (320, 4691.1328125), (330, 4599.107421875), (340, 4523.57568359375), (350, 4447.91650390625), (360, 4391.0322265625), (370, 4331.09228515625), (380, 4281.01708984375), (390, 4235.015625), (400, 4192.20849609375), (410, 4157.75732421875), (420, 4129.17919921875), (430, 4097.6884765625), (440, 4073.91748046875), (450, 4047.599853515625), (460, 4023.67041015625), (470, 4015.2099609375), (480, 4016.1240234375)]

tf32 inference batch 2048
[(150, 12521.6201171875), (160, 9586.931640625), (170, 7499.46337890625), (180, 6276.66943359375), (190, 5355.2421875), (200, 4754.81396484375), (210, 4288.34521484375), (220, 3879.7138671875), (230, 3635.771728515625), (240, 3462.671142578125), (250, 3350.292724609375), (260, 3257.41357421875), (270, 3177.08154296875), (280, 3109.66748046875), (290, 3054.894775390625), (300, 3006.455078125), (310, 2964.383544921875), (320, 2921.585693359375), (330, 2879.039306640625), (340, 2855.119873046875), (350, 2826.755615234375), (360, 2801.035400390625), (370, 2780.3623046875), (380, 2760.17626953125), (390, 2752.025146484375), (400, 2738.76123046875), (410, 2724.216064453125), (420, 2712.98193359375), (430, 2713.12158203125), (440, 2699.96728515625), (450, 2695.9443359375), (460, 2696.01806640625), (470, 2702.251220703125), (480, 2703.7578125)]

fp16 inference (.half()) batch 2048
[(150, 6135.60791015625), (160, 4803.6826171875), (170, 3726.660888671875), (180, 3078.454833984375), (190, 2609.47314453125), (200, 2295.8466796875), (210, 2056.8388671875), (220, 1852.1617431640625), (230, 1724.4029541015625), (240, 1623.095458984375), (250, 1560.54931640625), (260, 1508.029541015625), (270, 1465.1917724609375), (280, 1427.298095703125), (290, 1397.826904296875), (300, 1374.3193359375), (310, 1351.9854736328125), (320, 1332.63916015625), (330, 1317.8253173828125), (340, 1301.7294921875), (350, 1288.1844482421875), (360, 1279.6334228515625), (370, 1269.897705078125), (380, 1259.790771484375), (390, 1251.7818603515625), (400, 1244.2080078125), (410, 1240.7567138671875), (420, 1235.2197265625), (430, 1229.6119384765625), (440, 1225.328125), (450, 1223.5948486328125), (460, 1220.949462890625), (470, 1218.3363037109375), (480, 1220.6270751953125)]

amp autocast fp16 batch 2048
[(150, 6694.94482421875), (160, 5239.1748046875), (170, 4108.05712890625), (180, 3391.169677734375), (190, 2928.34130859375), (200, 2586.977294921875), (210, 2324.756103515625), (220, 2091.965576171875), (230, 1922.723388671875), (240, 1786.6168212890625), (250, 1712.1015625), (260, 1655.8714599609375), (270, 1610.1279296875), (280, 1569.0380859375), (290, 1537.7606201171875), (300, 1511.8497314453125), (310, 1491.2818603515625), (320, 1470.46484375), (330, 1454.692626953125), (340, 1439.486328125), (350, 1425.29248046875), (360, 1416.612548828125), (370, 1406.7628173828125), (380, 1396.5054931640625), (390, 1387.0357666015625), (400, 1379.66015625), (410, 1377.456787109375), (420, 1371.385986328125), (430, 1365.7135009765625), (440, 1360.6595458984375), (450, 1360.97021484375), (460, 1358.727294921875), (470, 1354.6668701171875), (480, 1355.8111572265625)]


half batchsize 512
[(150, 1294.404052734375), (160, 1001.3406982421875), (170, 820.8678588867188), (180, 682.02880859375), (190, 587.4188232421875), (200, 520.582275390625), (210, 473.0822448730469), (220, 431.44561767578125), (230, 411.7500915527344), (240, 394.61419677734375), (250, 379.3316650390625), (260, 364.99542236328125), (270, 355.36102294921875), (280, 348.5008544921875), (290, 343.0594787597656), (300, 337.4149475097656), (310, 332.4797668457031), (320, 328.1912536621094), (330, 323.7102966308594), (340, 320.6612243652344), (350, 317.421630859375), (360, 314.2767639160156), (370, 313.99822998046875), (380, 310.3531494140625), (390, 308.6546936035156), (400, 306.7710876464844), (410, 305.00616455078125), (420, 303.4029541015625), (430, 301.8724365234375), (440, 301.7656555175781), (450, 301.1462097167969), (460, 300.4386291503906), (470, 299.2185363769531), (480, 298.8428039550781)]

tensorrt fp16 512
[(150, 1220.676025390625), (160, 965.8385620117188), (170, 784.223388671875), (180, 654.06103515625), (190, 565.8484497070312), (200, 493.07867431640625), (210, 446.6093444824219), (220, 408.2444763183594), (230, 371.9205322265625), (240, 340.7616271972656), (250, 317.0215759277344), (260, 295.8391418457031), (270, 275.7657775878906), (280, 260.5240783691406), (290, 252.25433349609375), (300, 246.69166564941406), (310, 240.84107971191406), (320, 236.57373046875), (330, 232.39707946777344), (340, 228.54931640625), (350, 224.50648498535156), (360, 221.59596252441406), (370, 219.2487335205078), (380, 219.9207763671875), (390, 215.72259521484375), (400, 214.29025268554688), (410, 212.8046112060547), (420, 211.49176025390625), (430, 210.14352416992188), (440, 208.77285766601562), (450, 207.7120361328125), (460, 207.2097625732422), (470, 206.23703002929688), (480, 205.4503936767578)]